22.75
22.75
22.75
22.75
22.75
22.75
22.687
22.687
22.687
22.75
22.687
22.687
22.687
22.687
22.687
22.687
22.687
22.687
22.687
22.687
22.687
22.687
22.687
22.687
22.687
22.687
22.687
22.687
22.687
22.687
22.687
22.687
22.687
22.687
22.687
22.687
22.687
22.687
22.687
22.687
22.687
22.687
22.687
22.687
22.687
21.125
21.125
21.125
21.125
21.125
21.125
21.187
21.187
21.187
21.187
22.0
22.0
21.937
22.187
22.187
22.187
22.187
22.125
22.125
22.125
22.125
22.125
22.125
22.125
22.125
22.125
22.125
22.125
22.125
