25.312
25.312
25.375
25.375
25.437
25.437
25.5
25.5
25.562
25.562
25.625
25.625
25.687
25.687
25.75
25.75
25.812
25.875
25.875
25.937
25.937
26.0
26.062
26.062
26.187
26.187
26.25
26.25
26.312
26.375
26.437
26.5
26.562
26.625
26.625
26.75
26.75
26.875
26.937
26.937
27.0
27.125
27.187
27.25
27.312
27.375
27.437
27.437
27.5
27.625
27.625
27.75
27.812
27.812
27.937
27.937
28.0
28.062
28.125
28.187
28.25
28.375
28.437
28.5
28.562
28.625
28.625
28.625
28.687
28.687
28.75
28.812
28.875
28.875
28.937
29.062
29.062
29.125
29.125
29.187
29.25
29.25
29.312
29.375
29.375
29.437
29.5
29.562
29.625
29.687
29.687
29.75
29.812
29.875
29.937
29.937
30.0
30.062
30.125
30.187
30.25
30.312
30.375
30.437
30.5
30.562
30.625
30.687
30.75
30.75
30.812
30.875
30.937
31.0
31.062
31.125
31.187
31.25
31.375
31.437
31.5
31.562
31.625
31.75
31.812
31.875
31.937
32.062
32.125
32.187
32.25
32.312
32.437
32.5
32.562
32.625
32.75
32.812
32.875
33.0
33.125
33.187
33.312
33.437
33.562
33.625
33.75
33.75
33.687
33.687
33.625
33.625
33.562
33.5
33.5
33.437
33.437
33.375
33.375
33.312
33.25
33.25
33.187
33.125
33.125
33.062
33.062
33.0
33.0
32.937
32.937
32.937
32.937
33.0
33.0
32.937
32.937
32.875
32.812
32.75
32.687
32.562
32.562
32.437
32.375
32.312
32.187
32.125
32.0
31.875
31.812
31.625
31.5
31.375
31.187
31.0
31.0
31.062
31.187
31.25
31.312
31.375
31.5
31.562
31.812
31.625
31.375
31.25
31.0
30.687
30.187
30.125
30.25
30.312
30.187
30.0
29.5
28.875
28.187
27.5
26.5
25.25
25.062
25.062
25.125
25.125
25.125
25.125
25.125
25.187
25.187
25.187
25.187
25.25
25.25
25.25
25.25
25.25
25.312
25.312
25.312
25.312
25.312
25.312
25.375
25.375
25.375
25.375
25.375
25.437
25.437
25.437
25.437
25.437
25.437
25.5
25.5
25.5
25.5
25.562
25.562
25.562
25.562
25.562
25.562
25.562
25.625
25.625
25.625
25.625
25.625
25.687
25.687
25.687
25.687
25.75
25.75
25.75
25.75
25.812
25.812
25.812
25.812
25.875
25.875
25.875
25.875
25.937
25.937
25.937
25.937
26.0
26.0
26.0
26.062
26.062
26.062
26.062
26.062
26.125
