28.437
28.437
28.5
28.5
28.562
28.562
28.625
28.687
28.687
28.75
28.75
28.812
28.812
28.875
28.875
28.875
28.937
28.937
29.062
29.062
29.062
29.062
29.187
29.25
29.25
29.312
29.312
29.375
29.375
29.437
29.5
29.5
29.562
29.562
29.625
29.625
29.687
29.75
29.75
29.812
29.812
29.937
29.937
30.0
30.062
30.062
30.125
30.125
30.187
30.187
30.312
30.375
30.375
30.5
30.562
30.562
30.625
30.625
30.687
30.687
30.812
30.812
30.875
31.0
31.0
31.062
31.062
31.187
31.257
31.25
31.312
31.312
31.375
31.375
31.375
31.312
31.312
31.25
31.25
31.25
31.25
31.25
31.187
31.187
31.125
31.125
31.0
30.937
30.937
30.812
30.812
30.625
30.625
30.562
30.312
30.312
30.125
30.125
30.062
30.062
30.0
29.875
29.875
29.687
29.687
29.437
29.437
29.187
29.187
29.0
28.812
28.812
28.5
28.5
28.125
28.125
27.75
27.437
27.437
26.937
26.937
26.375
26.375
26.062
26.062
26.062
26.062
26.062
-40.0
-40.0
-40.0
-40.0
-40.0
-40.0
-40.0
-40.0
-40.0
-40.0
-40.0
-40.0
-40.0
-40.0
-40.0
-40.0
-80.0
-80.0
-80.0
-80.0
-80.0
-80.0
-80.0
-80.0
-80.0
-80.0
-80.0
-80.0
-80.0
-80.0
-80.0
-80.0
-80.0
-80.0
-80.0
-80.0
-80.0
-80.0
-80.0
-80.0
-80.0
-80.0
-80.0
-80.0
-80.0
-80.0
-80.0
-80.0
-80.0
-80.0
-80.0
-80.0
-80.0
-80.0
-80.0
-80.0
-80.0
-80.0
-80.0
-80.0
-80.0
-80.0
-80.0
-80.0
-80.0
-80.0
-80.0
-80.0
-80.0
-80.0
-80.0
-80.0
-80.0
-80.0
-80.0
-80.0
-80.0
-80.0
-80.0
-80.0
-80.0
-80.0
-80.0
-80.0
-80.0
-80.0
-80.0
-80.0
-80.0
-80.0
-80.0
-80.0
-80.0
-80.0
-80.0
-80.0
-100.0
-100.0
-100.0
-100.0
-100.0
-100.0
-100.0
-100.0
-100.0
-100.0
-100.0
-100.0
-100.0
-100.0
-100.0
-100.0
-100.0
-100.0
-100.0
-100.0
-100.0
-100.0
-100.0
-100.0
-100.0
-100.0
-100.0
-100.0
-100.0
-100.0
-100.0
-100.0
-100.0
-100.0
-100.0
-100.0
-100.0
-100.0
-100.0
-100.0
-100.0
-100.0
-100.0
-100.0
-100.0
-100.0
-100.0
-100.0
-100.0
-100.0
-100.0
-100.0
-100.0
-100.0
-100.0
-100.0
-100.0
-100.0
-100.0
-100.0
-100.0
-100.0
-100.0
-100.0
-100.0
-100.0
-100.0
-100.0
-100.0
-100.0
-100.0
-100.0
-100.0
-100.0
-100.0
-100.0
